    0    0           HI 200 MeV/A, H2O 20x30 cm, step 0.1, 300 zones
  SPH    1       0.0       0.0       0.0     100.0
  SPH    2       0.0       0.0       0.0      95.0
  SPH    3       0.0       0.0       0.0       5.0
  RCC    4       0.0       0.0      -4.3       0.0       0.0       9.0
                 3.0
  RCC    5       0.0       0.0      -3.5       0.0       0.0       5.0
                 2.0
  SPH    6       5.0       0.0       0.0       2.0
  END
  001          +1     -2
  002          +2     -4     -3     -6
  003          +3     -4     -6
  004          +4     -5 
  005          +5 
  006          +6
  END
    1    2    3    4    5    6
    0 1000    1    1    1    1

